<?xml version="1.0"?>
<opencv_storage>
<DLP_CALIBRATION_DATA>1</DLP_CALIBRATION_DATA>
<calibration_complete>1</calibration_complete>
<calibration_of_camera>1</calibration_of_camera>
<image_columns>640</image_columns>
<image_rows>480</image_rows>
<model_columns>640</model_columns>
<model_rows>480</model_rows>
<reprojection_error>2.1405680506131106e-001</reprojection_error>
<intrinsic type_id="opencv-matrix">
  <rows>3</rows>
  <cols>3</cols>
  <dt>d</dt>
  <data>
    5.7769945780826345e+002 0. 3.0413401833758138e+002 0.
    5.7776989050443274e+002 2.5055799008481821e+002 0. 0. 1.</data></intrinsic>
<distortion type_id="opencv-matrix">
  <rows>5</rows>
  <cols>1</cols>
  <dt>d</dt>
  <data>
    -4.1813862562988064e-003 3.2509950855446085e-001
    1.9648878158323870e-004 8.6170124439871089e-004
    -1.3519883675820403e+000</data></distortion>
<extrinsic type_id="opencv-matrix">
  <rows>2</rows>
  <cols>3</cols>
  <dt>d</dt>
  <data>
    -1.0971032760075738e-001 -2.7628923676035966e-001
    -3.0394348286926783e-002 -5.5489299521856221e+000
    -3.5676738451779872e+000 3.7284294351490303e+001</data></extrinsic>
</opencv_storage>
