<?xml version="1.0"?>
<opencv_storage>
<DLP_CALIBRATION_DATA>1</DLP_CALIBRATION_DATA>
<calibration_complete>1</calibration_complete>
<calibration_of_camera>0</calibration_of_camera>
<image_columns>640</image_columns>
<image_rows>480</image_rows>
<model_columns>912</model_columns>
<model_rows>1140</model_rows>
<reprojection_error>1.6726420719138062e+000</reprojection_error>
<intrinsic type_id="opencv-matrix">
  <rows>3</rows>
  <cols>3</cols>
  <dt>d</dt>
  <data>
    1.1273057509345676e+003 0. 4.2187068512497899e+002 0.
    1.1273057509345676e+003 5.8044632170633918e+002 0. 0. 1.</data></intrinsic>
<distortion type_id="opencv-matrix">
  <rows>5</rows>
  <cols>1</cols>
  <dt>d</dt>
  <data>
    4.4271883641581633e-002 -1.4180405628892573e-001
    -2.9439916404381278e-003 -4.6663545424790914e-005
    3.2117097674624881e-002</data></distortion>
<extrinsic type_id="opencv-matrix">
  <rows>2</rows>
  <cols>3</cols>
  <dt>d</dt>
  <data>
    -8.6036710583344611e-002 2.2932444644682689e-002
    6.2883886887955803e-003 -6.9158653151053429e+000
    -1.0699259989618005e+001 3.6422870285749738e+001</data></extrinsic>
</opencv_storage>
